[gd_scene load_steps=16 format=3 uid="uid://d0lhes5qnj6mk"]

[ext_resource type="PackedScene" uid="uid://caitb512qpyai" path="res://models/interior.glb" id="1_q6o7h"]
[ext_resource type="PackedScene" uid="uid://dl2ed4gkybggf" path="res://objects/player.tscn" id="2_17mi7"]
[ext_resource type="Script" path="res://scripts/weapon.gd" id="3_8yjl6"]
[ext_resource type="PackedScene" uid="uid://b411hfkru5vs7" path="res://objects/blaster.tscn" id="3_ajua2"]
[ext_resource type="Texture2D" uid="uid://2jld33y6h5pq" path="res://sprites/crosshair.png" id="3_umlfb"]

[sub_resource type="ProceduralSkyMaterial" id="ProceduralSkyMaterial_rcrph"]
sky_horizon_color = Color(0.64625, 0.65575, 0.67075, 1)
ground_horizon_color = Color(0.64625, 0.65575, 0.67075, 1)

[sub_resource type="Sky" id="Sky_ntnsh"]
sky_material = SubResource("ProceduralSkyMaterial_rcrph")

[sub_resource type="Environment" id="Environment_lvdoc"]
background_mode = 2
sky = SubResource("Sky_ntnsh")
tonemap_mode = 2
glow_enabled = true

[sub_resource type="BoxShape3D" id="BoxShape3D_56kfm"]
size = Vector3(7.96485, 1, 13.9759)

[sub_resource type="BoxShape3D" id="BoxShape3D_7cq3c"]
size = Vector3(2.74187, 1, 3.19427)

[sub_resource type="BoxShape3D" id="BoxShape3D_02inp"]
size = Vector3(11.602, 1, 11.11)

[sub_resource type="BoxShape3D" id="BoxShape3D_5s1tf"]
size = Vector3(7.6377, 3.39404, 1)

[sub_resource type="BoxShape3D" id="BoxShape3D_j0fwv"]
size = Vector3(1, 2.40674, 16.5388)

[sub_resource type="BoxShape3D" id="BoxShape3D_ru0i6"]
size = Vector3(5.20624, 3.09668, 1)

[sub_resource type="Resource" id="Resource_ldmxw"]
script = ExtResource("3_8yjl6")
model = ExtResource("3_ajua2")
position = Vector3(0, 0, 0)
rotation = Vector3(0, 0, 0)
muzzle_position = Vector3(0, 0, 0)
cooldown = 0.1
max_distance = 10
damage = 25.0
spread = 0.0
shot_count = 1
knockback = 20
sound_shoot = ""

[node name="interior" instance=ExtResource("1_q6o7h")]
transform = Transform3D(1, 0, 0, 0, 1, 0, 0, 0, 1, 0, 0, 4.34692)

[node name="WorldEnvironment" type="WorldEnvironment" parent="." index="0"]
environment = SubResource("Environment_lvdoc")

[node name="DirectionalLight3D" type="DirectionalLight3D" parent="." index="1"]
transform = Transform3D(-0.866023, -0.433016, 0.250001, 0, 0.499998, 0.866027, -0.500003, 0.749999, -0.43301, 0, 0, 0)
shadow_enabled = true

[node name="StaticBody3D" type="StaticBody3D" parent="Sketchfab_model/modelnew_obj_cleaner_gles" index="7"]

[node name="FloorCorridor" type="CollisionShape3D" parent="Sketchfab_model/modelnew_obj_cleaner_gles/StaticBody3D" index="0"]
transform = Transform3D(1, -4.47053e-08, 2.39234e-08, 2.43396e-07, 0.999973, -4.06057e-07, -2.70925e-08, -1.24052e-06, 0.99995, 13.8696, 10.3343, 20.1694)
shape = SubResource("BoxShape3D_56kfm")

[node name="LittleHall" type="CollisionShape3D" parent="Sketchfab_model/modelnew_obj_cleaner_gles/StaticBody3D" index="1"]
transform = Transform3D(1, -3.16668e-08, 2.4389e-08, 2.43382e-07, 0.999973, -4.06057e-07, -2.75299e-08, -1.29268e-06, 0.99995, 16.5533, 10.3243, 28.786)
shape = SubResource("BoxShape3D_7cq3c")

[node name="LittleHall2" type="CollisionShape3D" parent="Sketchfab_model/modelnew_obj_cleaner_gles/StaticBody3D" index="2"]
transform = Transform3D(1.73226e-07, 0.999481, -0.0314546, -0.999505, 0.000989457, 0.0314387, 0.0314554, 0.0314381, 0.998973, 14.5852, 8.77276, 28.7985)
shape = SubResource("BoxShape3D_7cq3c")

[node name="LittleHall3" type="CollisionShape3D" parent="Sketchfab_model/modelnew_obj_cleaner_gles/StaticBody3D" index="3"]
transform = Transform3D(1.37836e-07, 0.99948, -0.0314546, -0.999505, 0.00098949, 0.0314387, 0.0314554, 0.0314381, 0.998971, 14.5852, 8.77276, 28.7985)
shape = SubResource("BoxShape3D_7cq3c")

[node name="SmallSquare" type="CollisionShape3D" parent="Sketchfab_model/modelnew_obj_cleaner_gles/StaticBody3D" index="4"]
transform = Transform3D(0.999927, 0.000381218, 0.0120685, -0.000378077, 0.999981, -0.000247248, -0.012069, 0.000241522, 0.999896, 21.0876, 10.3235, 35.8926)
shape = SubResource("BoxShape3D_02inp")

[node name="SmallSquare2" type="CollisionShape3D" parent="Sketchfab_model/modelnew_obj_cleaner_gles/StaticBody3D" index="5"]
transform = Transform3D(1.71736e-06, 0.999478, -0.0316991, -0.999811, 0.000615951, 0.0193736, 0.0193841, 0.0316924, 0.999277, 15.2163, 5.31118, 36.0503)
shape = SubResource("BoxShape3D_02inp")

[node name="SmallSquare3" type="CollisionShape3D" parent="Sketchfab_model/modelnew_obj_cleaner_gles/StaticBody3D" index="6"]
transform = Transform3D(1.71736e-06, 0.999478, -0.0316991, -0.999811, 0.000615951, 0.0193736, 0.0193841, 0.0316924, 0.999277, 27.2149, 5.11945, 36.0564)
shape = SubResource("BoxShape3D_02inp")

[node name="SmallSquare4" type="CollisionShape3D" parent="Sketchfab_model/modelnew_obj_cleaner_gles/StaticBody3D" index="7"]
transform = Transform3D(-0.00817808, -0.0312872, -0.999444, -0.998627, 0.0519249, 0.0065453, 0.0516941, 0.99814, -0.0316698, 21.2161, 5.42966, 42.0495)
shape = SubResource("BoxShape3D_02inp")

[node name="SmallSquare5" type="CollisionShape3D" parent="Sketchfab_model/modelnew_obj_cleaner_gles/StaticBody3D" index="8"]
transform = Transform3D(-0.00817807, -0.0312872, -0.999444, -0.998626, 0.0519249, 0.00654529, 0.051694, 0.998138, -0.0316697, 23.2774, 5.00873, 30.0019)
shape = SubResource("BoxShape3D_02inp")

[node name="RubbleWall" type="CollisionShape3D" parent="Sketchfab_model/modelnew_obj_cleaner_gles/StaticBody3D" index="9"]
transform = Transform3D(1, -6.33318e-08, 1.36788e-08, 2.43722e-07, 0.999985, -3.241e-07, -1.67203e-08, -6.59376e-07, 0.999972, 13.6701, 7.98238, 13.718)
shape = SubResource("BoxShape3D_5s1tf")

[node name="L_HallWall" type="CollisionShape3D" parent="Sketchfab_model/modelnew_obj_cleaner_gles/StaticBody3D" index="10"]
transform = Transform3D(1, -4.28427e-08, 1.21072e-08, 2.43846e-07, 0.99999, -1.60187e-07, -1.27838e-08, -4.28408e-07, 0.99998, 9.35348, 8.35929, 20.203)
shape = SubResource("BoxShape3D_j0fwv")

[node name="R_HallWall" type="CollisionShape3D" parent="Sketchfab_model/modelnew_obj_cleaner_gles/StaticBody3D" index="11"]
transform = Transform3D(1, -5.96065e-08, 1.3737e-08, 2.43746e-07, 0.999986, -2.79397e-07, -1.59705e-08, -6.14673e-07, 0.999974, 18.3345, 8.17758, 21.4994)
shape = SubResource("BoxShape3D_j0fwv")

[node name="CollisionShape3D" type="CollisionShape3D" parent="Sketchfab_model/modelnew_obj_cleaner_gles/StaticBody3D" index="12"]
transform = Transform3D(1, -6.14691e-08, 1.3737e-08, 2.43738e-07, 0.999985, -2.94298e-07, -1.62204e-08, -6.29574e-07, 0.999973, 11.5587, 8.71225, 28.0242)
shape = SubResource("BoxShape3D_ru0i6")

[node name="Player" parent="." index="3" node_paths=PackedStringArray("crosshair") instance=ExtResource("2_17mi7")]
transform = Transform3D(1, 0, 0, 0, 1, 0, 0, 0, 1, 4.62819, 1.28652, 11.1441)
movement_speed = 3
jump_strength = 5
weapons = Array[ExtResource("3_8yjl6")]([SubResource("Resource_ldmxw")])
crosshair = NodePath("../TextureRect")

[node name="Head" parent="Player" index="1"]
transform = Transform3D(1, 0, 0, 0, 1, 0, 0, 0, 1, 0, 1.90383, 0)

[node name="CameraItem" parent="Player/Head/Camera/SubViewportContainer/SubViewport" index="0"]
visible = false

[node name="TextureRect" type="TextureRect" parent="." index="4"]
visible = false
offset_right = 40.0
offset_bottom = 40.0
texture = ExtResource("3_umlfb")

[editable path="Player"]
